Iteration: , Time(ns)
0, 49709
1, 9708
2, 1791
3, 2458
4, 1458
5, 3542
6, 1333
7, 1584
8, 1333
9, 1375
10, 1958
11, 1542
12, 3000
13, 1250
14, 1250
15, 1416
16, 1375
17, 1500
18, 1292
19, 2916
20, 1500
21, 1375
22, 1458
23, 10708
24, 2458
25, 1333
26, 2834
27, 1583
28, 1208
29, 1542
30, 1416
31, 2458
32, 1333
33, 1333
34, 1375
35, 1333
36, 1250
37, 1416
38, 1291
39, 1333
40, 1250
41, 1417
42, 1291
43, 1375
44, 1334
45, 1417
46, 1208
47, 1292
48, 5458
49, 1500
50, 1500
51, 1417
52, 1333
53, 1292
54, 2584
55, 1416
56, 21417
57, 1625
58, 1417
59, 2084
60, 1458
61, 4459
62, 1417
63, 1375
64, 1292
65, 1250
66, 1750
67, 1417
68, 2875
69, 1542
70, 1292
71, 1458
72, 1667
73, 1209
74, 1292
75, 2875
76, 1250
77, 1250
78, 1292
79, 1458
80, 1292
81, 1584
82, 2917
83, 1500
84, 1250
85, 1458
86, 1291
87, 1459
88, 1333
89, 2917
90, 1458
91, 1458
92, 1333
93, 1250
94, 1291
95, 1708
96, 2875
97, 1416
98, 1333
99, 1333
100, 1208
101, 1292
102, 1250
103, 2459
104, 2166
105, 1417
106, 1250
107, 1208
108, 1167
109, 1375
110, 2542
111, 1416
112, 5291
113, 1459
114, 1250
115, 1334
116, 1208
117, 2708
118, 1292
119, 1334
120, 1416
121, 1333
122, 1250
123, 1333
124, 2583
125, 1250
126, 1375
127, 1417
128, 1417
129, 1208
130, 1291
131, 2792
132, 1291
133, 1208
134, 1667
135, 1500
136, 1292
137, 1709
138, 2542
139, 1250
140, 1292
141, 1208
142, 1250
143, 1250
144, 1208
145, 2459
146, 1208
147, 1250
148, 1375
149, 1458
150, 1291
151, 1500
152, 2459
153, 1375
154, 1334
155, 1292
156, 1250
157, 1292
158, 1250
159, 2792
160, 1292
161, 1333
162, 1500
163, 1250
164, 1291
165, 1333
166, 2375
167, 1583
168, 1333
169, 1375
170, 1250
171, 1375
172, 1291
173, 2541
174, 1250
175, 1166
176, 1458
177, 1292
178, 1167
179, 1292
180, 2500
181, 1417
182, 1209
183, 1375
184, 1208
185, 1333
186, 1291
187, 2541
188, 1375
189, 1458
190, 1167
191, 1334
192, 1500
193, 1208
194, 2750
195, 1291
196, 1250
197, 1291
198, 1291
199, 1334
200, 1208
201, 2875
202, 1292
203, 6875
204, 1125
205, 1291
206, 875
207, 1083
208, 2250
209, 1000
210, 958
211, 958
212, 917
213, 959
214, 833
215, 3083
216, 958
217, 875
218, 916
219, 1583
220, 875
221, 875
222, 2125
223, 1125
224, 4500
225, 1041
226, 1208
227, 1000
228, 1250
229, 2542
230, 875
231, 1042
232, 1000
233, 1125
234, 875
235, 959
236, 1916
237, 1000
238, 875
239, 833
240, 833
241, 1083
242, 875
243, 2000
244, 875
245, 1083
246, 1333
247, 1083
248, 1000
249, 1000
250, 2375
251, 1000
252, 917
253, 958
254, 916
255, 1083
256, 875
257, 2125
258, 916
259, 1292
260, 917
261, 875
262, 1083
263, 916
264, 1917
265, 958
266, 833
267, 875
268, 875
269, 833
270, 916
271, 6167
272, 1084
273, 1000
274, 917
275, 1292
276, 917
277, 2000
278, 916
279, 1000
280, 3959
281, 1375
282, 834
283, 917
284, 2084
285, 875
286, 916
287, 916
288, 916
289, 916
290, 916
291, 2292
292, 916
293, 1000
294, 916
295, 1000
296, 875
297, 1000
298, 2042
299, 1167
300, 1000
301, 917
302, 875
303, 1875
304, 916
305, 2000
306, 875
307, 1041
308, 916
309, 875
310, 833
311, 1125
312, 2000
313, 917
314, 875
315, 1000
316, 958
317, 1000
318, 833
319, 1875
320, 833
321, 1125
322, 791
323, 1042
324, 875
325, 916
326, 2125
327, 875
328, 834
329, 917
330, 1000
331, 1084
332, 917
333, 2042
334, 917
335, 917
336, 9125
337, 1000
338, 833
339, 1041
340, 2125
341, 875
342, 875
343, 958
344, 875
345, 916
346, 875
347, 2083
348, 916
349, 916
350, 833
351, 1083
352, 875
353, 958
354, 875
355, 917
356, 833
357, 1000
358, 2875
359, 1000
360, 1041
361, 1916
362, 875
363, 1000
364, 833
365, 958
366, 834
367, 1000
368, 959
369, 1166
370, 917
371, 875
372, 875
373, 875
374, 833
375, 958
376, 917
377, 1000
378, 875
379, 1000
380, 875
381, 875
382, 833
383, 2333
384, 917
385, 1542
386, 875
387, 916
388, 1958
389, 875
390, 2000
391, 958
392, 4875
393, 1042
394, 917
395, 1125
396, 791
397, 2000
398, 875
399, 958
400, 917
401, 875
402, 875
403, 1042
404, 1042
405, 1000
406, 833
407, 1084
408, 833
409, 916
410, 916
411, 917
412, 1250
413, 916
414, 875
415, 1042
416, 958
417, 1250
418, 1875
419, 917
420, 959
421, 875
422, 875
423, 959
424, 833
425, 2125
426, 875
427, 1000
428, 917
429, 875
430, 834
431, 875
432, 2167
433, 958
434, 916
435, 916
436, 875
437, 1000
438, 917
439, 2084
440, 917
441, 833
442, 875
443, 958
444, 916
445, 791
446, 2041
447, 1041
448, 21625
449, 917
450, 875
451, 875
452, 875
453, 2042
454, 917
455, 1125
456, 875
457, 958
458, 875
459, 958
460, 2042
461, 917
462, 833
463, 958
464, 916
465, 916
466, 875
467, 2083
468, 916
469, 833
470, 917
471, 875
472, 1000
473, 1083
474, 1791
475, 1042
476, 958
477, 917
478, 833
479, 1083
480, 8416
481, 2125
482, 916
483, 958
484, 834
485, 875
486, 834
487, 1000
488, 833
489, 1083
490, 917
491, 1041
492, 1459
493, 875
494, 958
495, 1000
496, 2084
497, 1291
498, 1250
499, 958
500, 875
501, 875
502, 1959
503, 1000
504, 5292
505, 959
506, 833
507, 916
508, 1000
509, 2958
510, 1000
511, 1000
512, 875
513, 1250
514, 917
515, 1125
516, 1959
517, 959
518, 958
519, 958
520, 875
521, 875
522, 917
523, 2000
524, 959
525, 1042
526, 917
527, 1250
528, 958
529, 1000
530, 2542
531, 1083
532, 875
533, 958
534, 916
535, 958
536, 875
537, 2416
538, 1000
539, 1083
540, 916
541, 875
542, 875
543, 1292
544, 2250
545, 916
546, 833
547, 959
548, 1000
549, 1041
550, 833
551, 2375
552, 917
553, 875
554, 875
555, 1084
556, 958
557, 1500
558, 1958
559, 1334
560, 3708
561, 917
562, 1000
563, 1000
564, 875
565, 2167
566, 875
567, 1375
568, 875
569, 1000
570, 875
571, 1041
572, 1958
573, 1000
574, 875
575, 1084
576, 875
577, 1000
578, 875
579, 2250
580, 834
581, 833
582, 1375
583, 917
584, 875
585, 834
586, 1917
587, 916
588, 916
589, 958
590, 875
591, 1125
592, 875
593, 1791
594, 875
595, 875
596, 875
597, 1000
598, 833
599, 916
600, 1791
601, 1125
602, 834
603, 1000
604, 959
605, 875
606, 917
607, 2084
608, 875
609, 1000
610, 875
611, 1083
612, 1125
613, 917
614, 1792
615, 1000
616, 4292
617, 1042
618, 792
619, 916
620, 916
621, 2208
622, 916
623, 1041
624, 833
625, 1000
626, 1250
627, 792
628, 875
629, 875
630, 875
631, 959
632, 875
633, 1083
634, 1292
635, 1042
636, 958
637, 959
638, 833
639, 1208
640, 875
641, 833
642, 875
643, 1833
644, 834
645, 875
646, 875
647, 1084
648, 833
649, 958
650, 1834
651, 1000
652, 875
653, 1583
654, 875
655, 1083
656, 917
657, 1916
658, 875
659, 958
660, 917
661, 875
662, 916
663, 875
664, 1792
665, 958
666, 916
667, 1000
668, 917
669, 875
670, 916
671, 2083
672, 4625
673, 875
674, 875
675, 1042
676, 959
677, 958
678, 2125
679, 1125
680, 833
681, 875
682, 917
683, 1000
684, 833
685, 1792
686, 875
687, 833
688, 1583
689, 959
690, 833
691, 833
692, 2000
693, 917
694, 833
695, 1041
696, 833
697, 917
698, 875
699, 2375
700, 875
701, 958
702, 875
703, 1167
704, 875
705, 958
706, 2042
707, 1250
708, 916
709, 833
710, 959
711, 958
712, 834
713, 2042
714, 875
715, 959
716, 1125
717, 917
718, 875
719, 1000
720, 4917
721, 1208
722, 875
723, 1041
724, 917
725, 1000
726, 875
727, 2208
728, 4542
729, 1042
730, 875
731, 833
732, 1000
733, 917
734, 2209
735, 1083
736, 916
737, 2875
738, 875
739, 1208
740, 834
741, 2042
742, 875
743, 1166
744, 875
745, 917
746, 917
747, 1000
748, 2292
749, 959
750, 875
751, 1209
752, 917
753, 1000
754, 1166
755, 2125
756, 833
757, 833
758, 917
759, 959
760, 1042
761, 875
762, 2167
763, 1042
764, 1041
765, 875
766, 833
767, 1166
768, 875
769, 2000
770, 916
771, 1125
772, 875
773, 917
774, 917
775, 1000
776, 2250
777, 1042
778, 917
779, 916
780, 1083
781, 917
782, 875
783, 7042
784, 875
785, 1000
786, 917
787, 917
788, 917
789, 875
790, 875
791, 1166
792, 916
793, 916
794, 791
795, 1000
796, 1000
797, 1000
798, 917
799, 1125
800, 916
801, 1042
802, 791
803, 958
804, 917
805, 917
806, 875
807, 1167
808, 834
809, 958
810, 875
811, 2167
812, 834
813, 875
814, 792
815, 1083
816, 1000
817, 834
818, 2083
819, 958
820, 833
821, 875
822, 875
823, 958
824, 875
825, 2292
826, 875
827, 959
828, 959
829, 916
830, 916
831, 1000
832, 2250
833, 958
834, 1000
835, 1042
836, 875
837, 875
838, 875
839, 2667
840, 833
841, 791
842, 875
843, 1125
844, 833
845, 958
846, 2292
847, 917
848, 834
849, 959
850, 833
851, 1166
852, 916
853, 2417
854, 875
855, 959
856, 875
857, 1125
858, 875
859, 916
860, 2125
861, 875
862, 916
863, 1041
864, 917
865, 875
866, 833
867, 10667
868, 959
869, 875
870, 875
871, 958
872, 1167
873, 959
874, 2542
875, 1041
876, 916
877, 875
878, 1208
879, 1125
880, 875
881, 2375
882, 875
883, 1084
884, 917
885, 958
886, 1166
887, 1041
888, 4041
889, 1209
890, 875
891, 875
892, 916
893, 958
894, 875
895, 170542
896, 1666
897, 1125
898, 875
899, 1167
900, 958
901, 1000
902, 3833
903, 1209
904, 1042
905, 1083
906, 958
907, 917
908, 875
909, 2083
910, 959
911, 1125
912, 916
913, 1000
914, 875
915, 1000
916, 2084
917, 1167
918, 875
919, 1666
920, 875
921, 958
922, 833
923, 1000
924, 1625
925, 917
926, 1541
927, 1208
928, 916
929, 1375
930, 875
931, 1000
932, 958
933, 916
934, 917
935, 1125
936, 875
937, 1000
938, 1042
939, 1209
940, 834
941, 875
942, 833
943, 1084
944, 917
945, 1875
946, 1750
947, 875
948, 833
949, 958
950, 875
951, 10291
952, 959
953, 1083
954, 1291
955, 916
956, 1375
957, 875
958, 1959
959, 1083
960, 792
961, 834
962, 1042
963, 833
964, 1417
965, 2541
966, 958
967, 1041
968, 791
969, 875
970, 917
971, 833
972, 2084
973, 917
974, 917
975, 1041
976, 1333
977, 916
978, 958
979, 5834
980, 1041
981, 916
982, 916
983, 875
984, 833
985, 833
986, 2083
987, 916
988, 958
989, 1084
990, 875
991, 1500
992, 917
993, 1459
994, 875
995, 1083
996, 1833
997, 834
998, 875
999, 1084
