Iteration: , Time(ns)
0, 13292
1, 1375
2, 1167
3, 1333
4, 833
5, 958
6, 834
7, 1125
8, 3500
9, 917
10, 959
11, 1125
12, 875
13, 1084
14, 1042
15, 4375
16, 834
17, 1167
18, 875
19, 1042
20, 1625
21, 1291
22, 959
23, 2375
24, 1709
25, 1667
26, 1000
27, 875
28, 833
29, 958
30, 875
31, 1042
32, 1250
33, 1209
34, 1000
35, 2000
36, 834
37, 875
38, 916
39, 1000
40, 875
41, 1083
42, 1208
43, 1083
44, 959
45, 834
46, 1125
47, 1000
48, 1000
49, 834
50, 833
51, 916
52, 875
53, 9584
54, 875
55, 875
56, 1125
57, 958
58, 833
59, 917
60, 917
61, 875
62, 958
63, 916
64, 916
65, 1208
66, 791
67, 958
68, 875
69, 916
70, 916
71, 958
72, 917
73, 958
74, 833
75, 1041
76, 916
77, 917
78, 1000
79, 958
80, 875
81, 1000
82, 875
83, 959
84, 833
85, 1041
86, 958
87, 958
88, 1042
89, 917
90, 958
91, 875
92, 1000
93, 875
94, 875
95, 958
96, 833
97, 1042
98, 875
99, 1000
100, 1000
101, 1125
102, 958
103, 875
104, 1083
105, 958
106, 16584
107, 1042
108, 833
109, 917
110, 875
111, 958
112, 917
113, 958
114, 875
115, 875
116, 833
117, 958
118, 1459
119, 1250
120, 834
121, 1042
122, 917
123, 1083
124, 1000
125, 917
126, 875
127, 1166
128, 833
129, 1125
130, 750
131, 1042
132, 1000
133, 834
134, 875
135, 917
136, 834
137, 875
138, 916
139, 958
140, 875
141, 959
142, 1042
143, 1709
144, 833
145, 875
146, 1000
147, 1000
148, 833
149, 1041
150, 833
151, 1000
152, 833
153, 834
154, 833
155, 1041
156, 916
157, 1000
158, 875
159, 4542
160, 917
161, 834
162, 958
163, 1042
164, 834
165, 875
166, 875
167, 1042
168, 959
169, 917
170, 917
171, 875
172, 917
173, 1000
174, 833
175, 1042
176, 1000
177, 958
178, 1041
179, 916
180, 916
181, 875
182, 875
183, 916
184, 1000
185, 958
186, 916
187, 1083
188, 917
189, 916
190, 917
191, 1000
192, 875
193, 1000
194, 917
195, 1208
196, 916
197, 916
198, 833
199, 959
200, 958
201, 875
202, 875
203, 875
204, 917
205, 1042
206, 875
207, 1083
208, 917
209, 875
210, 917
211, 833
212, 1583
213, 1125
214, 1250
215, 959
216, 875
217, 791
218, 916
219, 958
220, 875
221, 1041
222, 875
223, 1125
224, 1167
225, 1209
226, 875
227, 1166
228, 1000
229, 833
230, 3791
231, 2417
232, 1083
233, 1000
234, 875
235, 917
236, 875
237, 958
238, 916
239, 958
240, 875
241, 1292
242, 917
243, 917
244, 959
245, 875
246, 916
247, 1000
248, 834
249, 1042
250, 1167
251, 959
252, 958
253, 875
254, 875
255, 875
256, 833
257, 1084
258, 833
259, 1000
260, 958
261, 959
262, 833
263, 1333
264, 833
265, 3750
266, 916
267, 1458
268, 875
269, 1041
270, 1250
271, 1125
272, 916
273, 1000
274, 917
275, 959
276, 875
277, 1000
278, 875
279, 1000
280, 917
281, 1042
282, 959
283, 1125
284, 834
285, 5292
286, 875
287, 1250
288, 1084
289, 1250
290, 875
291, 1167
292, 875
293, 834
294, 875
295, 959
296, 1000
297, 958
298, 916
299, 1000
300, 833
301, 958
302, 917
303, 875
304, 875
305, 958
306, 875
307, 958
308, 875
309, 875
310, 834
311, 1125
312, 917
313, 875
314, 792
315, 1042
316, 917
317, 8042
318, 916
319, 875
320, 1250
321, 1083
322, 834
323, 1000
324, 958
325, 875
326, 1042
327, 917
328, 1000
329, 875
330, 791
331, 833
332, 834
333, 1042
334, 958
335, 1083
336, 834
337, 1000
338, 1084
339, 1000
340, 959
341, 1083
342, 916
343, 1041
344, 916
345, 958
346, 1041
347, 1000
348, 1000
349, 917
350, 916
351, 1375
352, 916
353, 1000
354, 917
355, 1042
356, 875
357, 1000
358, 917
359, 1375
360, 833
361, 959
362, 833
363, 1167
364, 875
365, 916
366, 875
367, 1000
368, 833
369, 4750
370, 916
371, 1083
372, 1292
373, 958
374, 875
375, 1000
376, 833
377, 1000
378, 875
379, 917
380, 958
381, 875
382, 875
383, 875
384, 1083
385, 1000
386, 1000
387, 1000
388, 875
389, 1333
390, 833
391, 1000
392, 875
393, 1000
394, 916
395, 1125
396, 959
397, 1000
398, 875
399, 916
400, 1166
401, 1041
402, 1166
403, 958
404, 917
405, 1042
406, 834
407, 1292
408, 917
409, 916
410, 833
411, 1000
412, 916
413, 1542
414, 917
415, 1000
416, 1125
417, 875
418, 875
419, 1083
420, 916
421, 958
422, 32417
423, 1042
424, 1084
425, 875
426, 875
427, 1000
428, 917
429, 959
430, 958
431, 1000
432, 875
433, 1125
434, 1000
435, 1084
436, 1417
437, 1458
438, 958
439, 1000
440, 916
441, 1250
442, 833
443, 1042
444, 1042
445, 875
446, 917
447, 875
448, 1083
449, 1084
450, 875
451, 916
452, 792
453, 917
454, 917
455, 1042
456, 917
457, 875
458, 1417
459, 834
460, 875
461, 917
462, 875
463, 917
464, 1500
465, 833
466, 875
467, 917
468, 792
469, 958
470, 875
471, 958
472, 792
473, 917
474, 5042
475, 1000
476, 1000
477, 917
478, 833
479, 1000
480, 958
481, 1000
482, 875
483, 1042
484, 833
485, 1708
486, 833
487, 875
488, 917
489, 917
490, 917
491, 1208
492, 917
493, 916
494, 875
495, 1500
496, 833
497, 1083
498, 917
499, 1000
500, 833
501, 875
502, 917
503, 833
504, 875
505, 917
506, 875
507, 917
508, 1000
509, 959
510, 875
511, 875
512, 875
513, 958
514, 833
515, 959
516, 792
517, 958
518, 916
519, 917
520, 1083
521, 1167
522, 875
523, 1041
524, 958
525, 834
526, 792
527, 3792
528, 958
529, 1000
530, 875
531, 1000
532, 1125
533, 834
534, 959
535, 1083
536, 916
537, 1708
538, 875
539, 1000
540, 1084
541, 917
542, 917
543, 1459
544, 1000
545, 833
546, 1333
547, 5959
548, 1041
549, 1000
550, 750
551, 1041
552, 875
553, 875
554, 1000
555, 917
556, 959
557, 1042
558, 792
559, 875
560, 917
561, 1167
562, 959
563, 917
564, 833
565, 958
566, 1084
567, 1042
568, 917
569, 917
570, 916
571, 875
572, 917
573, 1000
574, 833
575, 1208
576, 875
577, 958
578, 875
579, 5000
580, 917
581, 1084
582, 1209
583, 1042
584, 959
585, 959
586, 917
587, 958
588, 833
589, 959
590, 1125
591, 1167
592, 834
593, 959
594, 834
595, 1125
596, 833
597, 875
598, 875
599, 1041
600, 875
601, 958
602, 916
603, 916
604, 1000
605, 875
606, 958
607, 1208
608, 917
609, 875
610, 875
611, 1042
612, 1167
613, 916
614, 916
615, 1000
616, 916
617, 1125
618, 875
619, 875
620, 833
621, 1250
622, 1000
623, 1042
624, 875
625, 916
626, 875
627, 875
628, 1042
629, 792
630, 917
631, 4458
632, 875
633, 916
634, 875
635, 1042
636, 958
637, 958
638, 833
639, 1167
640, 1042
641, 875
642, 958
643, 875
644, 834
645, 958
646, 875
647, 1000
648, 875
649, 834
650, 833
651, 1041
652, 1000
653, 875
654, 875
655, 1208
656, 917
657, 834
658, 875
659, 1042
660, 834
661, 958
662, 917
663, 917
664, 1042
665, 959
666, 875
667, 875
668, 875
669, 875
670, 833
671, 1000
672, 958
673, 917
674, 875
675, 4042
676, 958
677, 917
678, 834
679, 958
680, 1000
681, 792
682, 834
683, 4250
684, 834
685, 1167
686, 917
687, 917
688, 1000
689, 792
690, 834
691, 833
692, 875
693, 1041
694, 875
695, 958
696, 1583
697, 833
698, 875
699, 959
700, 833
701, 1042
702, 750
703, 1042
704, 750
705, 1000
706, 875
707, 1416
708, 916
709, 958
710, 875
711, 833
712, 875
713, 1000
714, 833
715, 1625
716, 875
717, 917
718, 916
719, 1000
720, 875
721, 875
722, 875
723, 916
724, 875
725, 875
726, 958
727, 1000
728, 875
729, 958
730, 958
731, 833
732, 1000
733, 1000
734, 1042
735, 958
736, 3708
737, 875
738, 875
739, 1000
740, 875
741, 875
742, 875
743, 959
744, 833
745, 833
746, 834
747, 1166
748, 833
749, 916
750, 875
751, 791
752, 834
753, 1041
754, 1000
755, 1084
756, 875
757, 834
758, 875
759, 875
760, 875
761, 875
762, 875
763, 916
764, 916
765, 916
766, 875
767, 1000
768, 834
769, 917
770, 1333
771, 1042
772, 834
773, 1000
774, 875
775, 1083
776, 833
777, 1042
778, 917
779, 1000
780, 792
781, 958
782, 875
783, 958
784, 875
785, 1042
786, 1000
787, 959
788, 834
789, 3750
790, 875
791, 1041
792, 916
793, 1041
794, 958
795, 1125
796, 875
797, 1000
798, 917
799, 1083
800, 791
801, 875
802, 834
803, 1208
804, 834
805, 792
806, 917
807, 875
808, 1042
809, 791
810, 916
811, 1000
812, 792
813, 1000
814, 875
815, 917
816, 1042
817, 1000
818, 1000
819, 833
820, 875
821, 917
822, 1084
823, 1042
824, 958
825, 917
826, 833
827, 1083
828, 1000
829, 875
830, 834
831, 1000
832, 834
833, 1000
834, 1042
835, 958
836, 1042
837, 917
838, 958
839, 917
840, 917
841, 833
842, 13708
843, 1000
844, 958
845, 1125
846, 917
847, 958
848, 833
849, 959
850, 917
851, 875
852, 959
853, 959
854, 833
855, 916
856, 1000
857, 1041
858, 875
859, 792
860, 875
861, 1000
862, 875
863, 1042
864, 875
865, 875
866, 917
867, 1208
868, 917
869, 833
870, 1042
871, 834
872, 875
873, 958
874, 875
875, 916
876, 958
877, 1166
878, 875
879, 1209
880, 959
881, 875
882, 792
883, 1166
884, 792
885, 3125
886, 959
887, 917
888, 875
889, 875
890, 917
891, 1084
892, 834
893, 1000
894, 1000
895, 5000
896, 833
897, 917
898, 917
899, 1042
900, 917
901, 917
902, 875
903, 1084
904, 833
905, 875
906, 917
907, 958
908, 833
909, 1042
910, 792
911, 917
912, 958
913, 958
914, 875
915, 917
916, 875
917, 916
918, 916
919, 958
920, 875
921, 958
922, 833
923, 1084
924, 917
925, 1084
926, 792
927, 1000
928, 917
929, 959
930, 959
931, 1167
932, 875
933, 834
934, 833
935, 1041
936, 1125
937, 917
938, 792
939, 1083
940, 834
941, 834
942, 1000
943, 1708
944, 875
945, 917
946, 833
947, 875
948, 4209
949, 1000
950, 1500
951, 958
952, 1000
953, 1041
954, 833
955, 1084
956, 1459
957, 958
958, 834
959, 958
960, 875
961, 1084
962, 875
963, 875
964, 833
965, 1041
966, 916
967, 1125
968, 833
969, 1083
970, 875
971, 1000
972, 875
973, 1041
974, 917
975, 1000
976, 1000
977, 1000
978, 1042
979, 1000
980, 834
981, 875
982, 875
983, 1000
984, 833
985, 1000
986, 875
987, 1208
988, 875
989, 1041
990, 875
991, 875
992, 875
993, 917
994, 917
995, 1042
996, 959
997, 917
998, 833
999, 958
